	  									0  1  2  3  4  5 		
	  a b	c								1  0  0  0  0  0
0  addi 3 16 3        	addi 3 16 3		(3)=(3)+16		1  0  0  17 0  0   
1  seti 1 2 1	 	    addi 4 2  4		(4)=(4)+2		1  0  0  18 2  0
2  seti 1 1 2		    mulr 4 4  4		(4)=(4)*(4)		1  0  0  19 4  0
3  mulr 1 2 5      3	mulr 3 4  4		(4)=(3)*(4)		1  0  0  20 76 0   
4  eqrr 5 4 5      4	muli 4 11 4		(4)=(4)*11		1  0  0  21 836 0  
5  addr 5 3 3      5   	addi 5 5  5     (5)=(5)+5		1  0  0  22 836 5
6  addi 3 1 3      6	mulr 5 3  5		(5)=(5)*(3)		1  0  0  23 836 110 
7  addr 1 0	0		    addi 5 15 5		(5)=(5)+15		1  0  0  24 836 125
8  addi 2 1 2      8	addr 4 5  4		(4)=(4)+(5)		1  0  0  25 961 125	
9  gtrr 2 4 5      9	addr 3 0  3		(3)=(0)+(3)		1  0  0  27 961 125
10 addr 3 5 3     10	setr 3 5  5     (5)=(3)	    	1  0  0  28 961 27
11 seti 2 3 3     11 	mulr 5 3  5		(5)=(5)*(3)		1  0  0  29 961 756
12 addi 1 1 1		    addr 3 5  5		(5)=(3)+(5)		1  0  0  30 961 785
13 gtrr 1 4 5		    mulr 5 3  5		(5)=(5)*(3)     1  0  0  31 961 23550
14 addr 5 3 3           muli 5 14 5     (5)=(5)*14      1  0  0  32 961 329700
15 seti 1 6 3           mulr 5 4  5     (5)=(5)*(4)     1  0  0  33 961 10550400
16 mulr 3 3 3           addr 4 5  4     (4)=(4)+(5)     1  0  0  34 10551361 10550400
17 addi 4 2 4           seti 0 5  0     (0)=0           0  0  0  35 10551361 10550400
18 mulr 4 4 4           seti 0 1  3     (3)=0           0  0  0   1 10551361 10550400
19 mulr 3 4 4           seti 1 2  1     (1)=1           0  1  0   2 10551361 10550400
20 muli 4 11 4          seti 1 1  2     (2)=1           0  1  1   3 10551361 10550400
21 addi 5 5 5           mulr 1 2  5     (5)=(1)*(2)     0  1  1   4 10551361 1
22 mulr 5 3 5           eqrr 5 4  5     (5)=(5)==(4)    0  1  1   5 10551361 0
23 addi 5 15 5          addr 5 3  3     (3)=(5)+(3)     0  1  1   6 10551361 0
24 addr 4 5 4           addi 3 1  3     (3)=(3)+1       0  1  1   8 10551361 0
25 addr 3 0 3           addi 2 1  2     (2)=(2)+1       0  1  2   9 10551361 0
26 seti 0 6 3           gtrr 2 4  5     (5)=(2)>(5)     0  1  2  10 10551361 0
27 setr 3 5 5           addr 3 5  3     (3)=(3)+(5)     0  1  2  11 10551361 0
28 mulr 5 3 5           seti 2 3  3     (3)=2           0  1  2   3 10551361 0
29 addr 3 5 5           mulr 1 2  5     (5)=(1)*(2)     0  1  2   4 10551361 2
30 mulr 3 5 5           eqrr 5 4  5     (5)=(5)==(4)    0  1  2   5 10551361 0
31 muli 5 14 5          addr 5 3  3     (3)=(5)+(3)     0  1  2   6 10551361 0
32 mulr 5 3 5           addi 3 1  3     (3)=(3)+1       0  1  2   8 10551361 0
33 addr 4 5 4           addi 2 1  2     (2)=(2)+1       0  1  2   9 10551361 0
34 seti 0 5 0           gtrr 2 4  5     (5)=(2)>(5)     0  1  2  10 10551361 0
35 seti 0 1 3           addr 3 5  3     (3)=(3)+(5)     0  1  2  11 10551361 0
                        seti 2 3  3     (3)=2
                        ....
                        ....
                        ....
                        ....
                        ....
                        mulr 1 2 5      (5)=(1)*(2)     0  1  105511361  4 10551361 0
                        eqrr 5 4 5      (5)=(5)==(4)    0  1  105511361  5 10551361 1
                        addr 5 3 3      (3)=(5)+(3)     0  1  105511361  7 10551361 1
                        addr 1 0 0      (0)=(1)+(0)     1  1  105511361  8 10551361 1
                        addi 2 1 2      (2)=(2)+1       1  2  105511361  9 10551361 1
                        gtrr 2 4 5      (5)=(2)>(5)     1  2  105511361 10 10551361 0
                        addr 3 5 3      (3)=(3)+(5)     1  2  105511361 11 10551361 0
                        seti 2 3 3      (3)=2           1  2  105511361  3 10551361 0

                        mulr 1 2 5      (5)=(1)*(2)     1  2  105511361  4 10551361 21102722
                        eqrr 5 4 5      (5)=(5)==(4)    1  2  105511361  5 10551361 0
                        addr 5 3 3      (3)=(5)+(3)     1  2  105511361  6 10551361 0
                        addi 3 1 3      (3)=(3)+1       1  2  105511361  8 10551361 0
                        addi 2 1 2      (2)=(2)+1       1  2  105511362  9 10551361 0
                        gtrr 2 4 5      (5)=(2)>(5)     1  2  105511362 10 10551361 0
                        addr 3 5 3      (3)=(3)+(5)     1  2  105511362 11 10551361 0
                        seti 2 3 3      (3)=2           1  2  105511362  3 10551361 0

                        mulr 1 2 5      (5)=(1)*(2)     1  2  105511361  4 10551361 21102724
                        ....
                        ....
                        ....
                        ....
                        ....                            1        10551361 1 7 10551361 1
                        addr 1 0 0      (0)=(1)+(0)     10551362 10551361 1 8 10551361 1
                        addi 2 1 2      (2)=(2)+1

y:16  Processor   :                                      [10551362] [10551362] [10551362] [16] [10551361] [1]
                        mulr 3 3 3       (3)=(3)*(3)